1,Zainab,055 477 1788,18,2,1,10,3000.0
2,Mariam,050 243 0978,21,9,32,2,2000.0
3,Rachana,098458484,19,20,2,10,600.0
4,Brendon,022 345 6789,65,2,11,10,6000.0
5,Shah,056 788 9932,50,2,20,5,3000.0
6,Rachel,046 221 3470,32,2,10,5,1500.0
7,Eren Yeager,050 1234567,19,2,4,10,3000.0
8,Shah,056 788 9932,50,2,20,5,3000.0
9,Rachel,046 221 3470,32,2,10,5,1500.0
10,Eren Yeager,050 1234567,19,2,4,10,3000.0
11,Hafsa,056 477 2410,50,3,32,40,40000.0
12,Walle,055 245 1788,13,0,10,10,3000.0
13,Eve,1234566789,20,2,20,4,2400.0
14,Romancham,6589569596,24,6,10,5,1500.0
15,Shahana ,59568439832,19,8,10,3,900.0
16,Safiya,467894384,22,7,20,2,600.0
17,Nimrah,050 987 6543,29,4,8,15,5000.0
18,Kim,054 123 4567,24,3,5,10,3500.0
19,David,022 456 7890,35,8,10,5,6000.0
20,Sara,056 789 1234,28,5,15,8,4500.0
21,John,050 555 5555,42,12,20,2,8000.0
22,Lisa,050 444 4444,37,10,18,3,7000.0
23,Michael,050 333 3333,31,6,12,6,5500.0
24,Nadia,056 777 8888,26,2,4,12,3000.0
25,Patrick,054 321 0987,45,15,25,1,9000.0
26,Jane,056 666 7777,30,5,10,9,4000.0
27,Robert,050 222 2222,39,11,18,4,7500.0
28,Anna,050 999 9999,27,3,6,11,3200.0
29,Joseph,056 555 6666,33,7,14,7,5000.0
30,Emily,054 678 9012,22,2,3,15,2500.0
31,Adam,050 888 8888,36,9,16,5,6500.0
32,Alex,056 333 4444,25,1,2,13,2800.0
33,Sarfaraz,050 4271806,54,3,41,5,500.0
34,Kajol,055 55412345,32,1,20,5,1500.0
35,Zulkar,778882727,24,1,20,10,3000.0
71,Huda,123456789,18,8,49,7,7000.0
72,Emily,054 678 9012,22,2,3,15,2500.0
73,Sheri,123456789,32,2,19,10,3000.0
77,Sree,123467896,19,2,20,4,1200.0
79,Shaun,123456789,88,6,4,5,1500.0
